| NUM_THREDS | VARIANT | Value_Pi | OMP Time | User Time | CPU Time |
--------------------------------
| 1.0 | 0.0 | 3.141578 | 26.454973 | 26.454973 | 26.45 |
| 1.0 | 0.0 | 3.141578 | 26.483973 | 26.483974 | 26.48 |
| 1.0 | 0.0 | 3.141578 | 26.455245 | 26.455245 | 26.45 |
| 1.0 | 0.0 | 3.141578 | 26.453718 | 26.453717 | 26.45 |
| 1.0 | 0.0 | 3.141578 | 26.456526 | 26.456526 | 26.45 |
| 1.0 | 0.0 | 3.141578 | 26.45554 | 26.45554 | 26.45 |
| 1.0 | 0.0 | 3.141578 | 26.456222 | 26.456222 | 26.45 |
| 1.0 | 0.0 | 3.141578 | 26.455295 | 26.455295 | 26.45 |
| 1.0 | 0.0 | 3.141578 | 26.55419 | 26.55419 | 26.55 |
| 1.0 | 0.0 | 3.141578 | 26.456457 | 26.456457 | 26.45 |
| 1.0 | 1.0 | 3.135852 | 576.523283 | 576.523284 | 576.51 |
| 1.0 | 1.0 | 3.116533 | 585.525435 | 585.525435 | 585.51 |
| 1.0 | 1.0 | 3.163432 | 580.842848 | 580.842848 | 580.83 |
| 1.0 | 1.0 | 3.171329 | 561.901876 | 561.901876 | 561.89 |
| 1.0 | 1.0 | 3.141347 | 562.9558 | 562.955801 | 562.95 |
| 1.0 | 1.0 | 3.158358 | 597.801528 | 597.801528 | 597.79 |
| 1.0 | 1.0 | 3.148471 | 589.722056 | 589.722056 | 589.71 |
| 1.0 | 1.0 | 3.188267 | 588.976897 | 588.976896 | 588.97 |
| 1.0 | 1.0 | 3.162046 | 589.108596 | 589.108596 | 589.1 |
| 1.0 | 1.0 | 3.106658 | 559.826691 | 559.826692 | 559.82 |
| 1.0 | 2.0 | 3.141578 | 7.982081 | 7.982082 | 7.98 |
| 1.0 | 2.0 | 3.141578 | 7.99484 | 7.99484 | 7.99 |
| 1.0 | 2.0 | 3.141578 | 7.996451 | 7.996451 | 7.99 |
| 1.0 | 2.0 | 3.141578 | 8.00261 | 8.00261 | 8.0 |
| 1.0 | 2.0 | 3.141578 | 7.998778 | 7.998779 | 7.99 |
| 1.0 | 2.0 | 3.141578 | 8.00261 | 8.002611 | 8.0 |
| 1.0 | 2.0 | 3.141578 | 7.997463 | 7.997463 | 7.99 |
| 1.0 | 2.0 | 3.141578 | 7.987228 | 7.987227 | 7.98 |
| 1.0 | 2.0 | 3.141578 | 7.996659 | 7.996659 | 7.99 |
| 1.0 | 2.0 | 3.141578 | 8.007642 | 8.007642 | 8.0 |
--------------------------------
| 2.0 | 0.0 | 3.141577 | 81.244103 | 81.244103 | 153.17 |
| 2.0 | 0.0 | 3.141577 | 108.067016 | 108.067017 | 214.76 |
| 2.0 | 0.0 | 3.141577 | 108.342647 | 108.342647 | 215.33 |
| 2.0 | 0.0 | 3.141577 | 110.885645 | 110.885645 | 221.57 |
| 2.0 | 0.0 | 3.141577 | 109.77595 | 109.775945 | 218.42 |
| 2.0 | 0.0 | 3.141577 | 108.36745 | 108.36745 | 215.33 |
| 2.0 | 0.0 | 3.141577 | 115.763727 | 115.763727 | 230.83 |
| 2.0 | 0.0 | 3.141577 | 111.168018 | 111.168018 | 222.12 |
| 2.0 | 0.0 | 3.141577 | 111.426169 | 111.426169 | 222.74 |
| 2.0 | 0.0 | 3.141577 | 103.367429 | 103.367429 | 198.05 |
| 2.0 | 1.0 | 3.132329 | 892.534181 | 892.534181 | 1784.69 |
| 2.0 | 1.0 | 3.087516 | 965.13535 | 965.135351 | 1930.12 |
| 2.0 | 1.0 | 3.115655 | 986.241341 | 986.241341 | 1972.15 |
| 2.0 | 1.0 | 3.109987 | 954.304383 | 954.304383 | 1908.43 |
| 2.0 | 1.0 | 3.120936 | 859.456868 | 859.456869 | 1718.68 |
| 2.0 | 1.0 | 3.131829 | 1017.177533 | 1017.177533 | 2034.06 |
| 2.0 | 1.0 | 3.134022 | 983.016621 | 983.016622 | 1965.47 |
| 2.0 | 1.0 | 3.113726 | 831.122366 | 831.122367 | 1661.92 |
| 2.0 | 2.0 | 3.141578 | 7.982375 | 7.982375 | 7.98 |
| 2.0 | 2.0 | 3.141578 | 8.008152 | 8.008151 | 8.0 |
| 2.0 | 2.0 | 3.141578 | 7.995064 | 7.995064 | 7.99 |
| 2.0 | 2.0 | 3.141578 | 7.993644 | 7.993644 | 7.99 |
| 2.0 | 2.0 | 3.141578 | 7.995035 | 7.995035 | 7.99 |
| 2.0 | 2.0 | 3.141578 | 7.995943 | 7.995943 | 7.99 |
| 2.0 | 2.0 | 3.141578 | 7.994286 | 7.994286 | 7.99 |
| 2.0 | 2.0 | 3.141578 | 8.00236 | 8.002361 | 8.0 |
| 2.0 | 2.0 | 3.141578 | 7.994842 | 7.994842 | 7.99 |
--------------------------------
| 4.0 | 0.0 | 3.141534 | 247.643351 | 247.643351 | 965.6 |
| 4.0 | 0.0 | 3.141534 | 260.263007 | 260.263007 | 1030.41 |
| 4.0 | 0.0 | 3.141534 | 264.445909 | 264.445909 | 1039.26 |
| 4.0 | 0.0 | 3.141534 | 272.659922 | 272.659922 | 1085.19 |
| 4.0 | 0.0 | 3.141534 | 255.341832 | 255.341833 | 1004.74 |
| 4.0 | 0.0 | 3.141534 | 240.171526 | 240.171526 | 942.15 |
| 4.0 | 0.0 | 3.141534 | 243.617128 | 243.617128 | 957.79 |
| 4.0 | 0.0 | 3.141534 | 269.876051 | 269.876052 | 1057.26 |
| 4.0 | 0.0 | 3.141534 | 246.82296 | 246.82296 | 936.2 |
| 4.0 | 0.0 | 3.141534 | 258.241345 | 258.241345 | 1022.77 |
| 4.0 | 1.0 | 3.136287 | 985.714359 | 985.714359 | 3942.43 |
| 4.0 | 1.0 | 3.136939 | 1005.916044 | 1005.916044 | 4023.32 |
| 4.0 | 1.0 | 3.136188 | 989.412407 | 989.412407 | 3957.22 |
| 4.0 | 1.0 | 3.139529 | 962.838081 | 962.838081 | 3851.0 |
| 4.0 | 1.0 | 3.134488 | 978.369759 | 978.369759 | 3912.86 |
| 4.0 | 1.0 | 3.135843 | 1005.582099 | 1005.582099 | 4021.95 |
| 4.0 | 1.0 | 3.135555 | 989.247966 | 989.247965 | 3956.51 |
| 4.0 | 1.0 | 3.135416 | 1009.354562 | 1009.354563 | 4036.99 |
| 4.0 | 2.0 | 3.141578 | 7.985764 | 7.985763 | 7.98 |
| 4.0 | 2.0 | 3.141578 | 7.997335 | 7.997336 | 7.99 |
| 4.0 | 2.0 | 3.141578 | 8.015446 | 8.015446 | 8.01 |
| 4.0 | 2.0 | 3.141578 | 8.007833 | 8.007833 | 8.0 |
| 4.0 | 2.0 | 3.141578 | 8.012737 | 8.012736 | 8.01 |
| 4.0 | 2.0 | 3.141578 | 7.989697 | 7.989697 | 7.98 |
| 4.0 | 2.0 | 3.141578 | 7.990561 | 7.990561 | 7.99 |
| 4.0 | 2.0 | 3.141578 | 8.05508 | 8.055081 | 8.05 |
| 4.0 | 2.0 | 3.141578 | 7.98952 | 7.98952 | 7.99 |
--------------------------------
| 8.0 | 0.0 | 3.141578 | 515.877349 | 515.877349 | 4032.35 |
| 8.0 | 0.0 | 3.141578 | 509.300484 | 509.300485 | 3967.34 |
| 8.0 | 0.0 | 3.141578 | 492.784647 | 492.784647 | 3844.27 |
| 8.0 | 0.0 | 3.141593 | 527.308323 | 527.308323 | 4136.96 |
| 8.0 | 0.0 | 3.141578 | 544.341718 | 544.341718 | 4289.59 |
| 8.0 | 0.0 | 3.141578 | 485.515516 | 485.515516 | 3793.48 |
| 8.0 | 0.0 | 3.141578 | 519.880034 | 519.880034 | 4087.92 |
| 8.0 | 0.0 | 3.141578 | 524.663792 | 524.663793 | 4108.53 |
| 8.0 | 0.0 | 3.141578 | 500.458814 | 500.458814 | 3900.02 |
| 8.0 | 1.0 | 3.140212 | 1097.275441 | 1097.275441 | 8741.03 |
| 8.0 | 1.0 | 3.139384 | 1125.542268 | 1125.542268 | 8971.38 |
| 8.0 | 1.0 | 3.140083 | 1117.995659 | 1117.995659 | 8912.42 |
| 8.0 | 1.0 | 3.139844 | 1104.498934 | 1104.498934 | 8805.26 |
| 8.0 | 1.0 | 3.141261 | 1100.755933 | 1100.755933 | 8773.01 |
| 8.0 | 1.0 | 3.140701 | 1113.888464 | 1113.888464 | 8875.57 |
| 8.0 | 1.0 | 3.139989 | 1097.797653 | 1097.797653 | 8754.84 |
| 8.0 | 1.0 | 3.139949 | 1100.71746 | 1100.717461 | 8775.51 |
| 8.0 | 2.0 | 3.141578 | 7.991747 | 7.991747 | 7.99 |
| 8.0 | 2.0 | 3.141578 | 7.993465 | 7.993465 | 7.99 |
| 8.0 | 2.0 | 3.141578 | 7.98457 | 7.98457 | 7.98 |
| 8.0 | 2.0 | 3.141578 | 7.989913 | 7.989914 | 7.99 |
| 8.0 | 2.0 | 3.141578 | 7.997708 | 7.997709 | 7.99 |
| 8.0 | 2.0 | 3.141578 | 7.995101 | 7.995102 | 7.99 |
| 8.0 | 2.0 | 3.141578 | 7.991547 | 7.991547 | 7.99 |
| 8.0 | 2.0 | 3.141578 | 8.000559 | 8.000559 | 8.0 |
| 8.0 | 2.0 | 3.141578 | 8.004932 | 8.004931 | 8.0 |
| 8.0 | 2.0 | 3.141578 | 7.997471 | 7.997471 | 7.99 |
